51
ִופהנעזָהסלןה 56789 ִופהנעז ָהסלןה 7 6 7 7 6 9 9 9 8 7.3
ִזיפיסמעזָנלצפלם 67890 ִזיפיסמעז ָנלצפלם 8 7 8 9 7 8 9 9 8 8.0
ִסיסמעזׂןיח 78901 ִסיסמעז ׂןיח 8 7 8 9 9 8 9 9 8 7.0
ֵהוקפלסִןימץהסטפ 89012 ֵהוקפלס ִןימץהסטפ 8 7 8 6 7 8 9 9 8 7
ַןק‎יסמעִןימץהסטפ 90123 ַןק‎יסמע ִןימץהסטפ 9 7 8 9 7 8 7 9 7 7.22223
ָעןויסאמעׁלמלצה 56789 ָעןויסאמע ׁלמלצה 6 7 8 8 9 8 7 9 9 7.8
ֻהםתיזהִןלץה 67890 ֻהםתיזה ִןלץה 9 6 9 9 6 8 9 7 8 7.3
ֻלסעזאיז־עסץצהסצלס 78901 ֻלסעזאיז ־עסץצהסצלס 8 7 8 6 7 8 9 9 8 8.6
־ןימעזמלסהִססה 89012 ־ןימעזמלסה ִססה 9 6 7 7 6 9 9 9 8 8.5
־קןלָהסללן 90123 ־קןל ָהסללן 9 6 7 7 6 9 9 9 8 8.8
ֿהחקצלסָיסלץ 56789 ֿהחקצלס ָיסלץ 8 7 8 9 9 8 9 9 7 7.3
ֿקלסה־פלץצלסה 67890 ֿקלסה ־פלץצלסה 6 7 8 8 9 8 7 9 8 7.2
׀לכפעףעזהִססה 89012 ׀לכפעףעזה ִססה 8 7 8 9 7 8 9 9 9 7.7
׃הפריסעזִפצינ 90123 ׃הפריסעז ִפצינ 9 6 7 7 6 9 9 9 8 8.7
ױהרעסעזװענהס 56789 ױהרעסעז װענהס 8 7 8 6 7 8 9 9 8 7.1
ױינלסּזהס 67890 ױינלס ּזהס 6 7 6 9 7 8 9 9 6 7.88888
ױעןעזאיזָהסללן 89012 ױעןעזאיז ָהסללן 9 6 9 9 6 8 9 7 9 7.1
