17
АбрамовДанила 12345 Абрамов Данила 3 2 3 3 2 5 5 5 4 3.9
АверченковДмитрий 23456 Аверченков Дмитрий 4 3 4 5 3 4 5 5 4 4.6
АненковОлег 34567 Аненков Олег 4 3 4 5 5 4 5 5 4 3.6
БабуринАлександр 45678 Бабурин Александр 4 3 4 2 3 4 5 5 4 3
ГлущенкоАлександр 56789 Глущенко Александр 5 3 4 5 3 4 3 5 3 3.88889
ДолбенькоНикита 12345 Долбенько Никита 2 3 4 4 5 4 3 5 5 3.4
ЗайцеваАлиса 23456 Зайцева Алиса 5 2 5 5 2 4 5 3 4 3.9
ЗиновьевКонстантин 34567 Зиновьев Константин 4 3 4 2 3 4 5 5 4 4.2
КлековкинаАнна 45678 Клековкина Анна 5 2 3 3 2 5 5 5 4 4.1
КулишДаниил 56789 Кулиш Даниил 5 2 3 3 2 5 5 5 4 4.4
ЛагутинДенис 12345 Лагутин Денис 4 3 4 5 5 4 5 5 3 3.9
ЛушинаКристина 23456 Лушина Кристина 2 3 4 4 5 4 3 5 4 3.8
МизроповаАнна 45678 Мизропова Анна 4 3 4 5 3 4 5 5 5 3.3
ПарфеновАртем 56789 Парфенов Артем 5 2 3 3 2 5 5 5 4 4.3
СафоновРоман 12345 Сафонов Роман 4 3 4 2 3 4 5 5 4 3.7
СеминИван 23456 Семин Иван 2 3 2 5 3 4 5 5 2 3.44444
СоловьевДаниил 45678 Соловьев Даниил 5 2 5 5 2 4 5 3 5 3.7
